4294967278,383
4294967278,132
4294967278,382
4294967278,131
4294967278,257
4294967278,130
4294967278,381
4294967278,129
4294967278,380
4294967278,128
4294967278,256
4294967278,127
4294967278,126
4294967278,125
4294967278,124
4294967278,123
4294967278,252
4294967278,247
4294967278,245
4294967278,241
4294967278,116
4294967278,115
4294967278,114
4294967278,229
4294967278,227
4294967278,225
4294967278,107
4294967278,106
4294967278,103
4294967278,373
4294967278,280
4294967278,372
4294967278,99
4294967278,98
4294967278,97
4294967278,96
4294967278,365
4294967278,364
4294967278,90
4294967278,359
4294967278,358
4294967278,84
4294967278,395
4294967278,356
4294967278,355
4294967278,354
4294967278,80
4294967278,351
4294967278,350
4294967278,349
4294967278,348
4294967278,344
4294967278,343
4294967278,342
4294967278,341
4294967278,68
4294967278,67
4294967278,66
4294967278,444
4294967278,337
4294967278,64
4294967278,335
4294967278,62
4294967278,333
4294967278,60
4294967278,59
4294967278,327
4294967278,326
4294967278,325
4294967278,52
4294967278,321
4294967278,320
4294967278,319
4294967278,43
4294967278,313
4294967278,312
4294967278,311
4294967278,260
4294967279,67
4294967279,333
4294967279,66
4294967279,332
4294967279,65
4294967279,403
4294967279,331
4294967279,64
4294967279,330
4294967279,63
4294967279,329
4294967279,62
4294967279,328
4294967279,61
4294967279,327
4294967279,60
4294967279,326
4294967279,59
4294967279,325
4294967279,58
4294967279,324
4294967279,57
4294967279,323
4294967279,56
4294967279,322
4294967279,55
4294967279,321
4294967279,54
4294967279,402
4294967279,320
4294967279,53
4294967279,319
4294967279,52
4294967279,318
4294967279,51
4294967279,317
4294967279,50
4294967279,316
4294967279,49
4294967279,401
4294967279,315
4294967279,48
4294967279,314
4294967279,47
4294967279,419
4294967279,313
4294967279,46
4294967279,157
4294967279,45
4294967279,312
4294967279,44
4294967279,311
4294967279,43
4294967279,310
4294967279,42
4294967279,309
4294967279,41
4294967279,409
4294967279,308
4294967279,40
4294967279,307
4294967279,39
4294967279,400
4294967279,306
4294967279,38
4294967279,305
4294967279,37
4294967279,36
4294967279,35
4294967279,302
4294967279,34
4294967279,301
4294967279,33
4294967279,300
4294967279,32
4294967279,299
4294967279,31
4294967279,298
4294967279,30
4294967279,29
4294967279,296
4294967279,28
4294967279,295
4294967279,27
4294967279,26
4294967279,25
4294967279,293
4294967279,24
4294967279,274
4294967279,23
4294967279,134
4294967279,22
4294967279,21
4294967279,20
4294967279,19
4294967279,291
4294967279,18
4294967279,396
4294967279,290
4294967279,17
4294967279,16
4294967279,15
4294967279,288
4294967279,14
4294967279,282
4294967279,13
4294967279,287
4294967279,12
4294967279,11
4294967279,280
4294967279,10
4294967279,9
4294967279,285
4294967279,8
4294967279,284
4294967279,7
4294967279,279
4294967279,6
4294967279,278
4294967279,5
4294967279,277
4294967279,4
4294967294,1240
4294967294,1101
4294967278,243
4294967278,219
4294967278,217
4294967278,363
4294967294,957
4294967294,1102
4294967294,779
4294967294,1474
4294967294,1282
4294967294,396
4294967294,416
4294967294,958
4294967294,1222
4294967294,1093
4294967294,1133
4294967294,1088
4294967294,1145
4294967294,981
4294967294,772
4294967294,429
4294967294,1142
4294967294,427
4294967294,442
4294967294,1107
4294967294,1109
4294967294,1090
4294967294,1108
4294967294,1131
4294967294,183
4294967294,452
4294967294,179
4294967294,140
4294967294,1150
4294967294,1111
4294967294,1483
4294967294,954
4294967294,470
4294967294,469
4294967294,392
4294967294,135
4294967294,979
4294967294,1281
4294967294,1138
4294967294,1375
4294967294,1118
4294967294,7
4294967294,1482
4294967294,1378
4294967294,462
4294967294,1478
4294967294,1119
4294967294,2
4294967294,1379
4294967294,1377
4294967294,1477
4294967294,4
4294967294,186
4294967294,395
4294967294,105
4294967294,17
4294967294,67
4294967294,99
4294967294,41
4294967294,52
4294967294,165
4294967294,24
4294967294,168
4294967294,167
4294967294,107
4294967294,1306
4294967294,28
4294967294,27
4294967294,25
4294967294,26
4294967294,46
4294967294,8
4294967294,1
4294967294,90
4294967294,86
4294967294,422
4294967294,115
4294967294,45
4294967294,120
4294967294,43
4294967294,44
4294967294,0
4294967279,286
4294967279,259
4294967294,1273
4294967278,519
4294967293,131
4294967293,130
4294967293,129
4294967293,128
4294967293,127
4294967293,126
4294967293,125
4294967293,124
4294967293,123
4294967293,122
4294967293,121
4294967293,120
4294967293,119
4294967293,118
4294967293,117
4294967293,116
4294967293,115
4294967293,114
4294967293,113
4294967293,112
4294967293,111
4294967293,110
4294967293,109
4294967293,108
4294967293,107
4294967293,106
4294967293,105
4294967293,104
4294967293,103
4294967293,102
4294967293,101
4294967293,100
4294967293,99
4294967293,98
4294967293,97
4294967293,96
4294967293,95
4294967293,94
4294967293,93
4294967293,92
4294967293,91
4294967293,90
4294967293,89
4294967293,88
4294967293,87
4294967293,86
4294967293,85
4294967293,84
4294967293,83
4294967293,82
4294967293,81
4294967293,80
4294967293,79
4294967293,78
4294967293,77
4294967293,76
4294967293,75
4294967293,74
4294967293,73
4294967293,72
4294967293,71
4294967293,70
4294967293,69
4294967293,68
4294967293,67
4294967293,66
4294967293,65
4294967293,64
4294967293,63
4294967293,62
4294967293,61
4294967293,60
4294967293,59
4294967293,58
4294967293,57
4294967293,56
4294967293,55
4294967293,54
4294967293,53
4294967293,52
4294967293,51
4294967293,50
4294967293,49
4294967293,48
4294967293,47
4294967293,46
4294967293,45
4294967293,44
4294967293,43
4294967293,42
4294967293,41
4294967293,40
4294967293,39
4294967293,38
4294967293,37
4294967293,36
4294967293,35
4294967293,34
